1000 10684024 3251000
2000 37373248 6112064
3000 80061984 9214064
4000 138750808 12272840
5000 213439560 15331736
6000 304129016 18391144
7000 410817600 21449680
8000 533506312 24606744
9000 672195584 27666160
10000 826884528 30725056
11000 997577072 33787552
12000 1184270200 36850632
13000 1386963208 39913784
14000 1605656096 42976624
15000 1840347568 46038048
16000 2091040360 49100792
17000 2357733768 52373336
18000 2640426200 55435720
19000 2939119352 58498824
20000 3253812536 61561960
1000 10684104 3251080
1000 10684272 3064992
1000 10684128 3064848
1000 10684112 3064832
1000 10684112 3064832
1000 10684072 3064792
1000 10684240 3064960
1000 10684176 3064896
1000 10683928 3064648
1000 10684032 3064752
2000 37373152 6111968
2000 37373192 6112008
2000 37373120 6111936
2000 37373128 6111944
2000 37373232 6112048
2000 37372880 6111696
2000 37373128 6111944
2000 37373272 6112088
2000 37373184 6112000
2000 37373184 6112000
3000 80062024 9214104
3000 80061920 9214000
3000 80061976 9214056
3000 80062016 9214096
3000 80062152 9214232
3000 80061872 9213952
3000 80062136 9214216
3000 80061920 9214000
3000 80062032 9214112
3000 80061920 9214000
4000 138750808 12272840
4000 138751016 12273048
4000 138750912 12272944
4000 138750920 12272952
4000 138750816 12272848
4000 138750680 12272712
4000 138750880 12272912
4000 138750808 12272840
4000 138750976 12273008
4000 138750912 12272944
5000 213439632 15331808
5000 213439752 15331928
5000 213439712 15331888
5000 213439832 15332008
5000 213439440 15331616
5000 213439840 15332016
5000 213439760 15331936
5000 213439928 15332104
5000 213439608 15331784
5000 213439896 15332072
6000 304128504 18390632
6000 304128520 18390648
6000 304128856 18390984
6000 304128688 18390816
6000 304128744 18390872
6000 304128720 18390848
6000 304128960 18391088
6000 304128680 18390808
6000 304128880 18391008
6000 304128376 18390504
7000 410817672 21449752
7000 410817304 21449384
7000 410817840 21449920
7000 410817544 21449624
7000 410817520 21449600
7000 410817696 21449776
7000 410817464 21449544
7000 410817608 21449688
7000 410817816 21449896
7000 410817448 21449528
8000 533506696 24607128
8000 533506048 24606480
8000 533506664 24607096
8000 533506368 24606800
8000 533506176 24606608
8000 533506248 24606680
8000 533506720 24607152
8000 533506432 24606864
8000 533506312 24606744
8000 533506560 24606992
9000 672195248 27665824
9000 672195368 27665944
9000 672195480 27666056
9000 672195464 27666040
9000 672195264 27665840
9000 672195616 27666192
9000 672195408 27665984
9000 672195512 27666088
9000 672195240 27665816
9000 672195720 27666296
10000 826884024 30724552
10000 826884120 30724648
10000 826883896 30724424
10000 826884216 30724744
10000 826884256 30724784
10000 826884320 30724848
10000 826884552 30725080
10000 826883984 30724512
10000 826884008 30724536
10000 826884240 30724768
11000 997576704 33787184
11000 997576824 33787304
11000 997577472 33787952
11000 997577256 33787736
11000 997577416 33787896
11000 997577160 33787640
11000 997576960 33787440
11000 997577264 33787744
11000 997577200 33787680
11000 997577272 33787752
12000 1184270248 36850680
12000 1184269352 36849784
12000 1184269744 36850176
12000 1184269936 36850368
12000 1184270072 36850504
12000 1184269840 36850272
12000 1184269808 36850240
12000 1184269408 36849840
12000 1184269944 36850376
12000 1184269088 36849520
13000 1386962816 39913392
13000 1386962544 39913120
13000 1386962680 39913256
13000 1386962640 39913216
13000 1386962656 39913232
13000 1386962712 39913288
13000 1386962248 39912824
13000 1386962304 39912880
13000 1386961864 39912440
13000 1386962688 39913264
14000 1605655864 42976392
14000 1605655960 42976488
14000 1605655184 42975712
14000 1605656216 42976744
14000 1605655744 42976272
14000 1605655216 42975744
14000 1605655280 42975808
14000 1605655656 42976184
14000 1605655272 42975800
14000 1605655192 42975720
15000 1840348088 46038568
15000 1840347560 46038040
15000 1840347952 46038432
15000 1840348176 46038656
15000 1840348624 46039104
15000 1840347872 46038352
15000 1840348176 46038656
15000 1840348592 46039072
15000 1840348528 46039008
15000 1840348000 46038480
16000 2091040592 49101024
16000 2091040376 49100808
16000 2091040416 49100848
16000 2091040672 49101104
16000 2091041392 49101824
16000 2091040128 49100560
16000 2091041248 49101680
16000 2091041008 49101440
16000 2091041608 49102040
16000 2091041080 49101512
17000 2357735152 52374720
17000 2357733672 52373240
17000 2357734168 52373736
17000 2357733240 52372808
17000 2357733192 52372760
17000 2357734000 52373568
17000 2357732904 52372472
17000 2357733688 52373256
17000 2357733656 52373224
17000 2357733840 52373408
18000 2640426984 55436504
18000 2640426456 55435976
18000 2640426144 55435664
18000 2640425440 55434960
18000 2640425360 55434880
18000 2640426472 55435992
18000 2640426616 55436136
18000 2640426912 55436432
18000 2640426144 55435664
18000 2640425664 55435184
19000 2939119216 58498688
19000 2939118488 58497960
19000 2939119104 58498576
19000 2939119664 58499136
19000 2939118792 58498264
19000 2939118976 58498448
19000 2939119000 58498472
19000 2939119400 58498872
19000 2939119136 58498608
19000 2939119080 58498552
20000 3253811432 61560856
20000 3253811960 61561384
20000 3253812384 61561808
20000 3253812624 61562048
20000 3253812576 61562000
20000 3253812240 61561664
20000 3253812000 61561424
20000 3253811600 61561024
20000 3253811752 61561176
20000 3253812528 61561952
