50000 154258472
50000 154073320
50000 154071576
50000 154072824
50000 154073832
50000 154073616
50000 154074728
50000 154072512
50000 154072320
50000 154070904
100000 307209272
100000 307213720
100000 307209248
100000 307209992
100000 307210952
100000 307211304
100000 307213568
100000 307212568
100000 307213272
100000 307211008
150000 464013488
150000 464012792
150000 464012760
150000 464012312
150000 464014872
150000 464014560
150000 464012632
150000 464011880
150000 464011312
150000 464013592
200000 619318440
200000 619324640
200000 619323720
200000 619323240
200000 619321448
200000 619319288
200000 619322248
200000 619317960
200000 619324616
200000 619324728
250000 777881984
250000 777879192
250000 777883912
250000 777885920
250000 777882816
250000 777885776
250000 777882288
250000 777880176
250000 777883848
250000 777886000
300000 933195392
300000 933193408
300000 933199840
300000 933194640
300000 933190000
300000 933195616
300000 933196792
300000 933188200
300000 933193368
300000 933193064
350000 1088500920
350000 1088498016
350000 1088494792
350000 1088496912
350000 1088497216
350000 1088501144
350000 1088498496
350000 1088503432
350000 1088501800
350000 1088504448
400000 1243807112
400000 1243807408
400000 1243807440
400000 1243807952
400000 1243809088
400000 1243809736
400000 1243802800
400000 1243814000
400000 1243806816
400000 1243811872
450000 1399113776
450000 1399109376
450000 1399118792
450000 1399115856
450000 1399121696
450000 1399117480
450000 1399116680
450000 1399115240
450000 1399119400
450000 1399116584
500000 1554420648
500000 1554427360
500000 1554429192
500000 1554423312
500000 1554427584
500000 1554425352
500000 1554431608
500000 1554430320
500000 1554423216
500000 1554425352
550000 1716540408
550000 1716541960
550000 1716539616
550000 1716542632
550000 1716546448
550000 1716537744
550000 1716538192
550000 1716537680
550000 1716536600
550000 1716535464
600000 1871854944
600000 1871844992
600000 1871838912
600000 1871850312
600000 1871850552
600000 1871855336
600000 1871854592
600000 1871849880
600000 1871847968
600000 1871847208
650000 2027156160
650000 2027162040
650000 2027152232
650000 2027144648
650000 2027164608
650000 2027154416
650000 2027161032
650000 2027153544
650000 2027161456
650000 2027154680
700000 2182459928
700000 2182464600
700000 2182464808
700000 2182455976
700000 2182470320
700000 2182458992
700000 2182466952
700000 2182461608
700000 2182462296
700000 2182464512
750000 2337764376
750000 2337779064
750000 2337774384
750000 2337768192
750000 2337776704
750000 2337772184
750000 2337767648
750000 2337776272
750000 2337774944
750000 2337784536
800000 2493076480
800000 2493087400
800000 2493096696
800000 2493091704
800000 2493087800
800000 2493090016
800000 2493077888
800000 2493084896
800000 2493080168
800000 2493079136
850000 2648396128
850000 2648371880
850000 2648389664
850000 2648394008
850000 2648378232
850000 2648380112
850000 2648382712
850000 2648406152
850000 2648387760
850000 2648397800
900000 2803698216
900000 2803707384
900000 2803694376
900000 2803697872
900000 2803695216
900000 2803700544
900000 2803704640
900000 2803698872
900000 2803707712
900000 2803701344
950000 2959014448
950000 2959010784
950000 2959005472
950000 2959008920
950000 2959000760
950000 2959013384
950000 2959014144
950000 2959001112
950000 2959002184
950000 2959006512
1000000 3114322840
1000000 3114312832
1000000 3114320320
1000000 3114323384
1000000 3114319168
1000000 3114317408
1000000 3114322032
1000000 3114311672
1000000 3114320472
1000000 3114320720
