50000 0.159661321
50000 0.175447828
50000 0.178500682
50000 0.158467414
50000 0.163938731
50000 0.182948866
50000 0.18205243
50000 0.242449362
50000 0.168023377
50000 0.162131625
100000 0.343896623
100000 0.321394334
100000 0.319999325
100000 0.3213551
100000 0.419080633
100000 0.411990474
100000 0.422414871
100000 0.402544279
100000 0.417542116
100000 0.357137861
150000 0.513277226
150000 0.49766613
150000 0.482988812
150000 0.48191872
150000 0.483775262
150000 0.486048131
150000 0.484232008
150000 0.479857606
150000 0.581444294
150000 0.483005431
200000 0.682497496
200000 0.818055579
200000 0.645149381
200000 0.665830237
200000 0.640377949
200000 0.641949304
200000 0.642889263
200000 0.643263583
200000 0.645760728
200000 0.800700822
250000 1.016166947
250000 0.802021214
250000 0.800568329
250000 1.012916779
250000 0.801662763
250000 0.80978109
250000 1.022918164
250000 1.0209425
250000 1.042376514
250000 1.019583556
300000 0.965174688
300000 0.97253336
300000 0.974221135
300000 0.974673524
300000 1.01370353
300000 1.000129348
300000 0.996186103
300000 0.980113345
300000 1.128848653
300000 0.982377041
350000 1.136252153
350000 1.129211339
350000 1.416400731
350000 1.321758753
350000 1.289902762
350000 1.300023629
350000 1.294524501
350000 1.416790117
350000 1.418405366
350000 1.429332188
400000 1.295904996
400000 1.289623058
400000 1.473865594
400000 1.291778551
400000 1.292461687
400000 1.29457648
400000 1.321680271
400000 1.306400803
400000 1.300273225
400000 1.300039647
450000 1.456448881
450000 1.908166935
450000 1.593129712
450000 1.956429745
450000 1.735641514
450000 1.76407001
450000 1.709788239
450000 1.702621817
450000 1.466302486
450000 1.511333276
500000 1.887642581
500000 1.867003736
500000 1.91429361
500000 1.905453523
500000 1.879759916
500000 2.04169624
500000 1.642980705
500000 1.830078331
500000 1.614998089
500000 1.620294811
550000 1.785092447
550000 1.798228538
550000 1.786089149
550000 1.779921916
550000 1.77797764
550000 1.771942848
550000 1.783204734
550000 1.789238229
550000 1.790077619
550000 1.773183876
600000 2.247190864
600000 1.935767118
600000 1.93418075
600000 1.941886829
600000 2.434315857
600000 1.980002101
600000 2.4291547
600000 1.970309241
600000 1.984967
600000 2.418024705
650000 2.113119183
650000 2.083647047
650000 2.124208645
650000 2.58990016
650000 2.095525702
650000 2.133887228
650000 2.103603646
650000 2.607970872
650000 2.693876111
650000 2.777887939
700000 2.646595048
700000 2.298393487
700000 2.280145961
700000 2.580162642
700000 2.594428057
700000 2.236133692
700000 2.295897031
700000 2.783181196
700000 2.2602261
700000 2.267159325
750000 2.801552611
750000 2.96340367
750000 2.425923587
750000 2.978256288
750000 2.998484753
750000 2.403508379
750000 3.008239317
750000 2.412396774
750000 2.413512626
750000 3.001422616
800000 2.585914883
800000 2.572895286
800000 2.575974742
800000 3.169379949
800000 3.233949499
800000 3.047025655
800000 3.207946614
800000 3.197876165
800000 3.19494933
800000 3.062461736
850000 3.366999091
850000 2.751707484
850000 2.811914653
850000 2.736592965
850000 3.536409511
850000 3.364747906
850000 2.739081214
850000 3.220572755
850000 3.232039997
850000 3.376203307
900000 2.93971774
900000 3.533407496
900000 2.891357993
900000 2.919338815
900000 3.562214047
900000 3.59731472
900000 2.902494535
900000 3.477803572
900000 3.603423126
900000 3.56658384
950000 3.067515305
950000 3.611030194
950000 3.740433992
950000 3.819493539
950000 3.79516324
950000 3.780677367
950000 3.060581479
950000 3.621669025
950000 3.665579704
950000 3.040886811
1000000 3.945335599
1000000 3.804810521
1000000 3.937417751
1000000 4.040125671
1000000 3.969343672
1000000 3.80899714
1000000 3.778992875
1000000 3.263216239
1000000 3.957473326
1000000 3.229395499
