1000 0.012101783
2000 0.057438973
3000 0.1474207
4000 0.289245049
5000 0.583444495
6000 1.110166191
7000 1.511390604
8000 2.220376894
9000 2.626610434
10000 3.696233827
11000 4.730664615
12000 6.184128549
13000 8.063462837
14000 9.367130107
15000 12.209761219
16000 13.779464569
17000 17.038074966
18000 19.169685688
19000 22.814929496
20000 25.378282289
1000 0.017343468
1000 0.011155259
1000 0.013467632
1000 0.008880187
1000 0.060658026
1000 0.011034381
1000 0.01418911
1000 0.007725002
1000 0.012877761
1000 0.010960843
2000 0.057316325
2000 0.059499123
2000 0.091533457
2000 0.07133847
2000 0.065992156
2000 0.043734147
2000 0.051121263
2000 0.119993081
2000 0.059388286
2000 0.047929865
3000 0.160261503
3000 0.219022979
3000 0.264292947
3000 0.196692593
3000 0.161424453
3000 0.153191795
3000 0.177816831
3000 0.290165231
3000 0.194897525
3000 0.155076904
4000 0.333285172
4000 0.331297801
4000 0.412996765
4000 0.310797
4000 0.296014412
4000 0.337557515
4000 0.396787292
4000 0.335423258
4000 0.333659428
4000 0.297979873
5000 0.591559413
5000 0.517332414
5000 0.637245906
5000 0.56747164
5000 0.580260515
5000 0.560509755
5000 0.538318591
5000 0.552553889
5000 0.661013029
5000 0.552626687
6000 0.909547947
6000 1.046087238
6000 0.893059311
6000 0.961009305
6000 0.993333044
6000 0.999919765
6000 0.944598254
6000 1.082435099
6000 0.984868384
6000 0.905956787
7000 1.44868622
7000 1.270032882
7000 1.563680367
7000 1.419266815
7000 1.351364303
7000 1.260445071
7000 1.509976319
7000 1.381495298
7000 1.536019989
7000 1.589278239
8000 1.885614128
8000 1.992121627
8000 1.928074306
8000 1.912983862
8000 2.009812796
8000 1.918670444
8000 2.184440241
8000 2.116375397
8000 1.928063647
8000 1.946718856
9000 2.80699146
9000 2.89317231
9000 2.569066874
9000 3.002374868
9000 2.600455984
9000 2.837790722
9000 2.638136189
9000 2.922876836
9000 2.738106673
9000 2.866434445
10000 3.496061848
10000 3.712580871
10000 3.489759155
10000 3.621473007
10000 3.795641399
10000 3.95512037
10000 3.566415799
10000 3.68404668
10000 3.307558806
10000 3.441002753
11000 4.322939994
11000 4.564394368
11000 4.331635994
11000 4.625798714
11000 4.573852204
11000 4.818300505
11000 5.002720168
11000 5.129610611
11000 5.190320806
11000 5.291595078
12000 7.265061193
12000 7.372037687
12000 7.489749065
12000 7.025477962
12000 7.029453926
12000 7.793762496
12000 7.17616714
12000 7.214435477
12000 6.903065459
12000 7.198599558
13000 9.112557069
13000 10.40657686
13000 9.075532703
13000 9.516028249
13000 8.787080767
13000 9.031668637
13000 8.437009404
13000 9.770329428
13000 8.694766333
13000 9.440781949
14000 12.114041923
14000 12.163887681
14000 10.401299004
14000 12.625081806
14000 11.834095078
14000 10.719709839
14000 10.373214779
14000 10.60085193
14000 10.223694793
14000 10.919085162
15000 14.608026299
15000 14.615705422
15000 14.349920941
15000 13.901545008
15000 13.952850808
15000 13.251333495
15000 13.356671654
15000 12.828509815
15000 12.777503049
15000 13.748917722
16000 17.169247428
16000 15.206761701
16000 14.994889479
16000 15.718807984
16000 15.513309443
16000 16.776563596
16000 16.01960708
16000 16.435081403
16000 15.950626855
16000 15.455881536
17000 18.769408952
17000 19.498322898
17000 19.103898816
17000 22.022636168
17000 19.607090694
17000 19.281182646
17000 20.258975189
17000 23.232456635
17000 20.024618251
17000 18.282500427
18000 25.849535778
18000 24.180958836
18000 21.986868617
18000 24.380823369
18000 22.539767732
18000 22.719564456
18000 24.780009846
18000 23.865480674
18000 20.823273576
18000 20.836819025
19000 24.258779051
19000 26.021047286
19000 26.53382314
19000 27.394958788
19000 26.796188774
19000 26.349022762
19000 27.714675684
19000 26.464332455
19000 27.165975778
19000 26.290680322
20000 30.424540591
20000 31.047481529
20000 30.953209664
20000 30.387517354
20000 29.856375079
20000 30.3430876
20000 29.645798664
20000 30.718241889
20000 30.357856758
20000 29.836612955
