50000 0.166430433
50000 0.140216385
50000 0.174308704
50000 0.26060588
50000 0.152962272
50000 0.1455381
50000 0.156420914
50000 0.142010379
50000 0.247553145
50000 0.141385878
100000 0.357388199
100000 0.28322334
100000 0.281801841
100000 0.28196456
100000 0.317637179
100000 0.288284133
100000 0.288874771
100000 0.284669287
100000 0.319555309
100000 0.34040867
150000 0.454040969
150000 0.43051787
150000 0.515230342
150000 0.430759028
150000 0.428397002
150000 0.429164024
150000 0.429583287
150000 0.425071395
150000 0.426625856
150000 0.425807419
200000 0.772740879
200000 0.571965991
200000 0.774648381
200000 0.69540793
200000 0.660041701
200000 0.685370208
200000 0.684022561
200000 0.688902834
200000 0.683070063
200000 0.57228128
250000 0.711887753
250000 0.920424762
250000 0.924009786
250000 0.713848709
250000 0.926791713
250000 0.923826597
250000 0.713377153
250000 0.71364432
250000 0.712799364
250000 0.712607924
300000 0.846803287
300000 0.984417146
300000 0.851976737
300000 1.100419213
300000 1.119209207
300000 0.857889268
300000 0.854154156
300000 1.096236384
300000 0.856018929
300000 1.017064972
350000 0.988958874
350000 1.167648602
350000 1.004205027
350000 0.997867152
350000 0.999573012
350000 1.001585572
350000 1.001864682
350000 0.996935601
350000 1.021107765
350000 0.993398717
400000 1.314549141
400000 1.332424966
400000 1.153612077
400000 1.341703805
400000 1.556144852
400000 1.474642555
400000 1.4503237
400000 1.447716201
400000 1.376381335
400000 1.369912592
450000 1.4679745
450000 1.352499421
450000 1.622604323
450000 1.542125861
450000 1.339318109
450000 1.267154313
450000 1.333573549
450000 1.274817804
450000 1.561494404
450000 1.530058835
500000 1.420238259
500000 1.438180171
500000 1.456776148
500000 1.429377866
500000 1.435375584
500000 1.43569958
500000 1.817934887
500000 1.436094882
500000 1.603130691
500000 1.816965173
550000 1.803871959
550000 1.584147552
550000 1.575272958
550000 1.570866585
550000 1.588135011
550000 1.548905209
550000 2.00499859
550000 1.573408342
550000 1.591628189
550000 2.006192577
600000 1.733310855
600000 1.723246861
600000 1.714074313
600000 2.145861461
600000 1.712535487
600000 1.732242135
600000 1.729202747
600000 1.777567184
600000 1.779462332
600000 1.727861375
650000 1.902915386
650000 1.827152036
650000 2.390212091
650000 1.91015709
650000 1.864868785
650000 2.344635476
650000 2.394705931
650000 1.880748328
650000 1.873789366
650000 1.847551466
700000 1.991799405
700000 2.516576659
700000 2.528329533
700000 1.993944196
700000 1.998078858
700000 1.984067937
700000 2.034937914
700000 2.011439465
700000 2.512439244
700000 2.367681101
750000 2.157726744
750000 2.156552173
750000 2.551180712
750000 2.155310868
750000 2.136181633
750000 2.141491358
750000 2.143936184
750000 2.143393668
750000 2.140286652
750000 2.169474475
800000 2.714030657
800000 2.72451016
800000 2.704970842
800000 2.282186193
800000 2.308104531
800000 2.30493197
800000 2.29946566
800000 2.283045871
800000 2.27683323
800000 2.271019393
850000 2.438811329
850000 2.843180766
850000 2.912307707
850000 2.84825765
850000 2.484177005
850000 2.439799261
850000 2.88809589
850000 2.429560654
850000 2.423434326
850000 2.414782269
900000 3.045240697
900000 2.56092797
900000 2.573704899
900000 2.641482334
900000 2.597231281
900000 2.56171936
900000 3.049258037
900000 2.557619027
900000 2.581778874
900000 2.576453655
950000 3.23123331
950000 2.725650922
950000 2.793518543
950000 2.744892281
950000 2.71422514
950000 2.713173914
950000 3.21260335
950000 2.717144935
950000 2.719448474
950000 2.694165378
1000000 2.838842414
1000000 2.857056585
1000000 2.841761866
1000000 2.867847769
1000000 2.925450443
1000000 2.873736867
1000000 2.850777894
1000000 3.481396084
1000000 2.892195139
1000000 3.371266285
