1000 0.003385
2000 0.006704376
3000 0.010148999
4000 0.014516432
5000 0.018172568
6000 0.021731438
7000 0.025770032
8000 0.039241749
9000 0.034790716
10000 0.037915905
11000 0.039306969
12000 0.045236487
13000 0.046685727
14000 0.049713574
15000 0.053411331
16000 0.057186232
17000 0.060456326
18000 0.063341933
19000 0.0674443
20000 0.071829428
1000 0.005229081
1000 0.003317198
1000 0.003331364
1000 0.004680698
1000 0.003298865
1000 0.003310336
1000 0.003300158
1000 0.003299426
1000 0.00333907
1000 0.003297412
2000 0.006972993
2000 0.00670056
2000 0.006687156
2000 0.007034748
2000 0.007450936
2000 0.006733242
2000 0.006692927
2000 0.006638155
2000 0.006971071
2000 0.006708636
3000 0.01019023
3000 0.010109159
3000 0.010092299
3000 0.010136271
3000 0.010190682
3000 0.010202244
3000 0.010184431
3000 0.012611728
3000 0.012188587
3000 0.014417045
4000 0.014144192
4000 0.014161125
4000 0.014836344
4000 0.014057476
4000 0.016792432
4000 0.026869131
4000 0.016559954
4000 0.014915986
4000 0.01423016
4000 0.01537612
5000 0.019657869
5000 0.018011997
5000 0.018122134
5000 0.017862456
5000 0.018137956
5000 0.018136677
5000 0.017956546
5000 0.018164402
5000 0.019011952
5000 0.018148357
6000 0.021938401
6000 0.021744887
6000 0.023323933
6000 0.022169452
6000 0.033581009
6000 0.023484926
6000 0.023498234
6000 0.023419872
6000 0.023494625
6000 0.029706352
7000 0.029328269
7000 0.027529383
7000 0.027645174
7000 0.027813483
7000 0.027694928
7000 0.027770435
7000 0.028851844
7000 0.034587953
7000 0.02582696
7000 0.02578086
8000 0.032203316
8000 0.033308064
8000 0.034108879
8000 0.041098616
8000 0.035187219
8000 0.042315849
8000 0.02925441
8000 0.029697731
8000 0.03001075
8000 0.029500641
9000 0.033150739
9000 0.040369571
9000 0.03940316
9000 0.041544537
9000 0.03974084
9000 0.035934097
9000 0.037936565
9000 0.037930986
9000 0.037457981
9000 0.040586944
10000 0.040238252
10000 0.041342126
10000 0.040062531
10000 0.041270407
10000 0.039686644
10000 0.041878063
10000 0.040378164
10000 0.040375775
10000 0.043693456
10000 0.046587549
11000 0.043086021
11000 0.046054379
11000 0.042982019
11000 0.047759074
11000 0.049321183
11000 0.043452155
11000 0.04342903
11000 0.044785931
11000 0.047541268
11000 0.043363358
12000 0.047452268
12000 0.054306416
12000 0.046619053
12000 0.044998632
12000 0.045300956
12000 0.046372407
12000 0.047119064
12000 0.052690654
12000 0.05361114
12000 0.046731924
13000 0.049054303
13000 0.048402921
13000 0.047892343
13000 0.060672339
13000 0.059628856
13000 0.051432456
13000 0.05803142
13000 0.049107329
13000 0.051781051
13000 0.049250497
14000 0.053632758
14000 0.051536941
14000 0.051631976
14000 0.051491467
14000 0.055434177
14000 0.052142529
14000 0.051529382
14000 0.052689253
14000 0.053025407
14000 0.056197292
15000 0.055173881
15000 0.057621466
15000 0.056026831
15000 0.060555679
15000 0.054615159
15000 0.057862498
15000 0.060025837
15000 0.065637555
15000 0.05354278
15000 0.052687128
16000 0.056177915
16000 0.056451888
16000 0.057966127
16000 0.056278028
16000 0.056159843
16000 0.057089148
16000 0.056338191
16000 0.057266905
16000 0.056462231
16000 0.05833757
17000 0.060687194
17000 0.06071977
17000 0.075413414
17000 0.059744673
17000 0.059823126
17000 0.06103401
17000 0.06035783
17000 0.061812306
17000 0.064148029
17000 0.063935489
18000 0.06753614
18000 0.064682891
18000 0.065844427
18000 0.064515852
18000 0.065203936
18000 0.065631411
18000 0.063249213
18000 0.068410882
18000 0.063999778
18000 0.065185807
19000 0.077760665
19000 0.068515521
19000 0.068188658
19000 0.066846569
19000 0.067363788
19000 0.068766268
19000 0.067834966
19000 0.070068644
19000 0.067005443
19000 0.068839619
20000 0.072725845
20000 0.073371699
20000 0.07281691
20000 0.070761933
20000 0.072768935
20000 0.074936411
20000 0.071491262
20000 0.071470852
20000 0.073112697
20000 0.077543628
