50000 0.223250539
50000 0.196308353
50000 0.196963702
50000 0.161867545
50000 0.192847698
50000 0.158581099
50000 0.235727227
50000 0.153695058
50000 0.166297053
50000 0.194709831
100000 0.37338239
100000 0.373673371
100000 0.374581018
100000 0.374250864
100000 0.333159257
100000 0.33699361
100000 0.335416867
100000 0.331561226
100000 0.327448689
100000 0.340664624
150000 0.562479505
150000 0.554041717
150000 0.454889587
150000 0.590223142
150000 0.596065893
150000 0.564648363
150000 0.60735578
150000 0.557066216
150000 0.456448792
150000 0.558913351
200000 0.878555614
200000 0.610340261
200000 0.781016146
200000 0.778293639
200000 0.607384316
200000 0.789375113
200000 0.776156443
200000 0.778667074
200000 0.772798236
200000 0.610214798
250000 0.759050006
250000 0.763787139
250000 0.760558615
250000 0.762104189
250000 0.761755944
250000 0.766175294
250000 0.759360256
250000 0.762243502
250000 0.759548186
250000 0.764996835
300000 1.03951627
300000 0.916323603
300000 1.166923669
300000 1.150558349
300000 0.932613774
300000 1.068545975
300000 1.204560973
300000 1.039881062
300000 0.936802397
300000 1.164719164
350000 1.218343015
350000 1.07028322
350000 1.081576533
350000 1.072506792
350000 1.071643712
350000 1.071153538
350000 1.071527057
350000 1.091557336
350000 1.075664359
350000 1.066100602
400000 1.46480043
400000 1.236307472
400000 1.22403868
400000 1.480313485
400000 1.385629935
400000 1.393065443
400000 1.423060111
400000 1.401042298
400000 1.536748981
400000 1.54189016
450000 1.633735029
450000 1.469551207
450000 1.442194666
450000 1.641541588
450000 1.371889328
450000 1.405965769
450000 1.374176481
450000 1.399432767
450000 1.385541214
450000 1.406896181
500000 1.587317897
500000 1.523531456
500000 1.540073419
500000 1.547443954
500000 1.541367593
500000 1.53699805
500000 1.544087333
500000 1.530806495
500000 1.529346145
500000 1.526010107
550000 1.676941594
550000 1.94835458
550000 1.941429705
550000 1.96661639
550000 1.915904077
550000 1.909921293
550000 1.676993178
550000 1.935956326
550000 1.937536618
550000 1.700554713
600000 1.841571839
600000 2.1511972
600000 2.065759571
600000 2.084280177
600000 1.841640148
600000 2.225146271
600000 1.845041937
600000 2.124578283
600000 2.339355013
600000 1.837520465
650000 2.33791872
650000 2.237489553
650000 2.240640165
650000 1.973963756
650000 2.336487021
650000 2.000854185
650000 1.991401185
650000 2.190377398
650000 2.05287946
650000 2.010810284
700000 2.185342959
700000 2.47652063
700000 2.416160144
700000 2.138329674
700000 2.151927697
700000 2.663060784
700000 2.684537
700000 2.129160435
700000 2.41685604
700000 2.152619573
750000 2.304699848
750000 2.28091078
750000 2.853052001
750000 2.281985915
750000 2.296219651
750000 2.844503805
750000 2.276288081
750000 2.843672505
750000 2.869648441
750000 2.302321067
800000 3.049776364
800000 3.014406398
800000 3.033346737
800000 2.438788011
800000 2.462440082
800000 2.432531968
800000 2.468078849
800000 2.449868393
800000 2.455496059
800000 2.435469968
850000 2.595623014
850000 2.601740517
850000 2.618301033
850000 3.247459642
850000 2.594258706
850000 2.590259542
850000 2.58138226
850000 2.588889721
850000 2.592866354
850000 2.574362673
900000 2.782307742
900000 2.738741213
900000 3.415619535
900000 3.404130981
900000 2.759723288
900000 2.7399778
900000 3.394645162
900000 2.838142992
900000 2.767645096
900000 2.761321095
950000 2.900479639
950000 2.887251352
950000 2.905596492
950000 2.955754169
950000 2.92229398
950000 2.900580283
950000 2.900048432
950000 2.900870957
950000 2.886331706
950000 3.606398592
1000000 3.140433679
1000000 3.052627585
1000000 3.151826655
1000000 3.053196578
1000000 3.045140691
1000000 3.064775233
1000000 3.035590841
1000000 3.078032535
1000000 3.072500666
1000000 3.069060199
