1000 0.002759278
2000 0.005128262
3000 0.007794062
4000 0.011851824
5000 0.01347644
6000 0.015967545
7000 0.019251312
8000 0.027323401
9000 0.027503942
10000 0.027553283
11000 0.030606275
12000 0.034656674
13000 0.035549036
14000 0.038445535
15000 0.040632269
16000 0.043289965
17000 0.046307544
18000 0.048392524
19000 0.051158515
20000 0.053994645
1000 0.00408608
1000 0.002541966
1000 0.002575919
1000 0.002541174
1000 0.002568596
1000 0.002579536
1000 0.002557876
1000 0.002554169
1000 0.002536967
1000 0.002543359
2000 0.005085075
2000 0.005117956
2000 0.005112606
2000 0.005368219
2000 0.005519138
2000 0.005118107
2000 0.005170754
2000 0.005153592
2000 0.005208864
2000 0.005088271
3000 0.007688877
3000 0.007742256
3000 0.007620982
3000 0.007670625
3000 0.007746375
3000 0.007734844
3000 0.007798622
3000 0.010049352
3000 0.008683289
3000 0.009450966
4000 0.010536724
4000 0.010767823
4000 0.011134462
4000 0.010519105
4000 0.012371089
4000 0.019134353
4000 0.011516851
4000 0.011648856
4000 0.010718317
4000 0.011947751
5000 0.01465569
5000 0.013436656
5000 0.013392627
5000 0.013457098
5000 0.01341476
5000 0.013325198
5000 0.014192513
5000 0.013626647
5000 0.013729399
5000 0.013526526
6000 0.016404633
6000 0.016484894
6000 0.017595332
6000 0.016375369
6000 0.026214283
6000 0.017748917
6000 0.019156876
6000 0.017833018
6000 0.018376086
6000 0.022540702
7000 0.021271356
7000 0.021176505
7000 0.022382755
7000 0.021229163
7000 0.021209059
7000 0.02101213
7000 0.021546665
7000 0.022675903
7000 0.019390026
7000 0.019365005
8000 0.024766335
8000 0.024580117
8000 0.024506797
8000 0.026129956
8000 0.026007256
8000 0.031411734
8000 0.021971091
8000 0.02654633
8000 0.022024712
8000 0.022007617
9000 0.025309727
9000 0.025563997
9000 0.029872933
9000 0.03235558
9000 0.032125263
9000 0.027357252
9000 0.027810986
9000 0.028024842
9000 0.028516959
9000 0.028720977
10000 0.032077625
10000 0.032750223
10000 0.032157142
10000 0.031812825
10000 0.031928994
10000 0.034196651
10000 0.032737285
10000 0.032195849
10000 0.033263471
10000 0.031966759
11000 0.0342501
11000 0.036920048
11000 0.035860849
11000 0.034853795
11000 0.037558512
11000 0.034402996
11000 0.034529787
11000 0.034453227
11000 0.037239146
11000 0.03463916
12000 0.036528737
12000 0.037050741
12000 0.036770062
12000 0.035891765
12000 0.036010331
12000 0.035709712
12000 0.035971947
12000 0.041132704
12000 0.04278195
12000 0.035803713
13000 0.037599902
13000 0.037444888
13000 0.038677322
13000 0.039539923
13000 0.044695976
13000 0.039566742
13000 0.04017688
13000 0.037417057
13000 0.038533725
13000 0.038018338
14000 0.044256439
14000 0.039594471
14000 0.041482108
14000 0.03901126
14000 0.041984205
14000 0.039210837
14000 0.040470665
14000 0.040540386
14000 0.04145778
14000 0.042724149
15000 0.041950395
15000 0.044068256
15000 0.04229367
15000 0.045786226
15000 0.040770473
15000 0.043919223
15000 0.04386014
15000 0.042841521
15000 0.04297494
15000 0.040822265
16000 0.042616157
16000 0.043401651
16000 0.042933397
16000 0.04374011
16000 0.042570104
16000 0.04353743
16000 0.042582377
16000 0.043905302
16000 0.042677963
16000 0.045746971
17000 0.047027688
17000 0.047421024
17000 0.046061948
17000 0.046576278
17000 0.047094488
17000 0.045308913
17000 0.045736434
17000 0.04778552
17000 0.047055015
17000 0.04523365
18000 0.048617106
18000 0.048940422
18000 0.049443048
18000 0.048573404
18000 0.048437106
18000 0.048558154
18000 0.048492562
18000 0.048242431
18000 0.048957453
18000 0.048426956
19000 0.05045766
19000 0.052676571
19000 0.052742599
19000 0.05068414
19000 0.052209863
19000 0.052149154
19000 0.051553477
19000 0.058758233
19000 0.050884428
19000 0.050781222
20000 0.055042926
20000 0.054325801
20000 0.055928983
20000 0.055538424
20000 0.055939138
20000 0.058898728
20000 0.057351097
20000 0.053985064
20000 0.056302134
20000 0.055688492
