1000 0.003077976
2000 0.005833666
3000 0.008815599
4000 0.012852421
5000 0.015675881
6000 0.018054462
7000 0.020971058
8000 0.029360532
9000 0.029848689
10000 0.030681873
11000 0.03397355
12000 0.04222487
13000 0.040379727
14000 0.043171235
15000 0.046280975
16000 0.048286427
17000 0.051567727
18000 0.053717096
19000 0.057341889
20000 0.059802252
1000 0.004599798
1000 0.002909245
1000 0.002945752
1000 0.002857309
1000 0.002920796
1000 0.002881153
1000 0.002912431
1000 0.002898785
1000 0.003113222
1000 0.00288486
2000 0.005755725
2000 0.005800256
2000 0.005781943
2000 0.005805677
2000 0.006206368
2000 0.00578568
2000 0.005824712
2000 0.005781132
2000 0.005776263
2000 0.005780531
3000 0.008690658
3000 0.008699495
3000 0.008830237
3000 0.008653722
3000 0.008769776
3000 0.00870622
3000 0.008840798
3000 0.011955625
3000 0.009796996
3000 0.010174935
4000 0.011852947
4000 0.012395181
4000 0.012939468
4000 0.011857349
4000 0.013605029
4000 0.021578911
4000 0.013471494
4000 0.013266356
4000 0.012138634
4000 0.013932521
5000 0.016204845
5000 0.015509099
5000 0.015005991
5000 0.015179093
5000 0.014959748
5000 0.014989205
5000 0.015027548
5000 0.015276409
5000 0.017038982
5000 0.01519906
6000 0.018369538
6000 0.01909904
6000 0.020048922
6000 0.018217087
6000 0.029722688
6000 0.019758437
6000 0.021052636
6000 0.020122969
6000 0.020178844
6000 0.02307425
7000 0.023054478
7000 0.024143341
7000 0.023611
7000 0.024135729
7000 0.023848651
7000 0.024615027
7000 0.023957433
7000 0.027116023
7000 0.021648443
7000 0.021648659
8000 0.029323265
8000 0.02739636
8000 0.027642144
8000 0.029249804
8000 0.029251635
8000 0.03129643
8000 0.024447949
8000 0.032456753
8000 0.025060119
8000 0.024662506
9000 0.031405829
9000 0.02924177
9000 0.033670408
9000 0.040879752
9000 0.03433476
9000 0.031031181
9000 0.031868631
9000 0.032094832
9000 0.03243149
9000 0.032951488
10000 0.036632892
10000 0.0367613
10000 0.036630961
10000 0.03654133
10000 0.036385185
10000 0.036629203
10000 0.036605884
10000 0.036456421
10000 0.042490704
10000 0.03682635
11000 0.039588608
11000 0.043928463
11000 0.048980201
11000 0.045055157
11000 0.049415078
11000 0.040111777
11000 0.040222771
11000 0.039895886
11000 0.041164521
11000 0.039992405
12000 0.043486695
12000 0.04394949
12000 0.044062051
12000 0.043526096
12000 0.043596556
12000 0.043356403
12000 0.043365988
12000 0.049156259
12000 0.046954924
12000 0.04338292
13000 0.047363515
13000 0.046026649
13000 0.045907724
13000 0.045965028
13000 0.050352151
13000 0.046397543
13000 0.046882749
13000 0.046474248
13000 0.047625624
13000 0.046990616
14000 0.049246465
14000 0.049550602
14000 0.049730024
14000 0.048370266
14000 0.050047941
14000 0.048478807
14000 0.0485428
14000 0.052011049
14000 0.05004698
14000 0.048751176
15000 0.050590746
15000 0.051230642
15000 0.050714192
15000 0.05160065
15000 0.0500425
15000 0.052846814
15000 0.051509198
15000 0.051137318
15000 0.051657414
15000 0.050329714
16000 0.051088649
16000 0.050750851
16000 0.051317885
16000 0.052521738
16000 0.05006982
16000 0.054944912
16000 0.051628575
16000 0.053074503
16000 0.051219471
16000 0.053412014
17000 0.05598876
17000 0.055600412
17000 0.055612847
17000 0.053174648
17000 0.052883324
17000 0.052704554
17000 0.053033045
17000 0.052940872
17000 0.054305794
17000 0.05311596
18000 0.056293295
18000 0.054788847
18000 0.058291365
18000 0.056432632
18000 0.056934085
18000 0.054873514
18000 0.055187097
18000 0.055995071
18000 0.056556453
18000 0.055488059
19000 0.056881581
19000 0.05890977
19000 0.059804911
19000 0.057550623
19000 0.059270762
19000 0.060117224
19000 0.058336901
19000 0.060264534
19000 0.058439147
19000 0.05715915
20000 0.05959502
20000 0.059553129
20000 0.060833442
20000 0.059276373
20000 0.060713151
20000 0.062015926
20000 0.061427354
20000 0.059803478
20000 0.062254723
20000 0.059527558
