1000 0.002805155
2000 0.005172837
3000 0.007761139
4000 0.011959449
5000 0.013490797
6000 0.017912692
7000 0.018585994
8000 0.024136298
9000 0.02684181
10000 0.026771183
11000 0.02987428
12000 0.039574271
13000 0.035192698
14000 0.038009545
15000 0.041653323
16000 0.043270378
17000 0.046528484
18000 0.053592079
19000 0.058769465
20000 0.058572983
1000 0.004159495
1000 0.002875502
1000 0.00274401
1000 0.00280906
1000 0.002726377
1000 0.00276568
1000 0.002755671
1000 0.002789073
1000 0.002780207
1000 0.002741435
2000 0.005362378
2000 0.005374029
2000 0.00535817
2000 0.0053852
2000 0.005768818
2000 0.005498941
2000 0.005441705
2000 0.005444881
2000 0.005440983
2000 0.00540124
3000 0.008089007
3000 0.008027253
3000 0.008065194
3000 0.008097032
3000 0.008127349
3000 0.008081064
3000 0.008056989
3000 0.010282633
3000 0.0088628
3000 0.00965297
4000 0.010934229
4000 0.012223041
4000 0.012404179
4000 0.010945412
4000 0.014231748
4000 0.01971182
4000 0.012687255
4000 0.012070726
4000 0.013122092
4000 0.01309359
5000 0.015443026
5000 0.015132653
5000 0.014152192
5000 0.013910167
5000 0.014022014
5000 0.013864424
5000 0.014153131
5000 0.014063526
5000 0.014546501
5000 0.014511377
6000 0.017092725
6000 0.018302757
6000 0.018808496
6000 0.017383735
6000 0.025267481
6000 0.017388921
6000 0.017259243
6000 0.017504861
6000 0.017598807
6000 0.020751889
7000 0.030510847
7000 0.021063707
7000 0.020548587
7000 0.020733715
7000 0.020816192
7000 0.020943493
7000 0.021046397
7000 0.025200092
7000 0.020582677
7000 0.020411635
8000 0.025596013
8000 0.023823865
8000 0.024313269
8000 0.027365198
8000 0.028114456
8000 0.02840797
8000 0.022900225
8000 0.028194451
8000 0.023056528
8000 0.023572142
9000 0.038598377
9000 0.026910609
9000 0.030953641
9000 0.042073268
9000 0.032081792
9000 0.029582148
9000 0.030731937
9000 0.03102386
9000 0.031529521
9000 0.03159274
10000 0.035358411
10000 0.035196197
10000 0.035224944
10000 0.035191326
10000 0.035015604
10000 0.035286541
10000 0.03500955
10000 0.035250803
10000 0.039279757
10000 0.035746227
11000 0.038015854
11000 0.041504611
11000 0.038607606
11000 0.038677933
11000 0.045474431
11000 0.038469721
11000 0.038381492
11000 0.03806194
11000 0.038691511
11000 0.03825563
12000 0.042256515
12000 0.042309213
12000 0.042417755
12000 0.041731169
12000 0.041408402
12000 0.041387208
12000 0.041544979
12000 0.048047778
12000 0.044501079
12000 0.04140788
13000 0.044933501
13000 0.044346751
13000 0.044269322
13000 0.04451037
13000 0.04494916
13000 0.044936573
13000 0.045494665
13000 0.044814234
13000 0.046254101
13000 0.046018683
14000 0.048698075
14000 0.049432971
14000 0.049484073
14000 0.047798933
14000 0.050495611
14000 0.047971574
14000 0.048770248
14000 0.052962777
14000 0.049463764
14000 0.048559767
15000 0.052163602
15000 0.054125483
15000 0.052716106
15000 0.052852103
15000 0.052769358
15000 0.053760904
15000 0.054294647
15000 0.052383191
15000 0.052587484
15000 0.051742832
16000 0.054407243
16000 0.055160148
16000 0.054842508
16000 0.055764772
16000 0.055265699
16000 0.055512371
16000 0.055090813
16000 0.056745243
16000 0.054727585
16000 0.056424508
17000 0.059857163
17000 0.058143865
17000 0.057929869
17000 0.059669391
17000 0.057512557
17000 0.057437732
17000 0.057865991
17000 0.058229216
17000 0.057718542
17000 0.057683108
18000 0.061744
18000 0.059962547
18000 0.062013023
18000 0.060777666
18000 0.059457779
18000 0.059630053
18000 0.059758905
18000 0.060099768
18000 0.059887539
18000 0.059885887
19000 0.060132986
19000 0.063076921
19000 0.062122894
19000 0.06115369
19000 0.063636868
19000 0.064009225
19000 0.067974489
19000 0.067435698
19000 0.061762214
19000 0.061571231
20000 0.062630025
20000 0.06264463
20000 0.063440488
20000 0.06326258
20000 0.063547004
20000 0.066333847
20000 0.064343233
20000 0.062406564
20000 0.064300247
20000 0.062483796
1000 0.002911534
2000 0.00580827
3000 0.009196981
4000 0.011836985
5000 0.014668028
6000 0.017810526
7000 0.021577769
8000 0.024399866
9000 0.027894798
10000 0.030312685
11000 0.034118731
12000 0.036716387
13000 0.040313021
14000 0.045691577
15000 0.047899843
16000 0.04911961
17000 0.058676026
18000 0.055343805
19000 0.063227829
20000 0.060251719
