50000 0.206568257
50000 0.226045465
50000 0.208477639
50000 0.246200255
50000 0.220182487
50000 0.218072006
50000 0.202104085
50000 0.200162313
50000 0.243260295
50000 0.200003763
100000 0.393617291
100000 0.397642624
100000 0.39416073
100000 0.396517308
100000 0.404563587
100000 0.405075416
100000 0.470024617
100000 0.407385446
100000 0.397725716
100000 0.50063797
150000 0.603567697
150000 0.751096627
150000 0.731441254
150000 0.589337667
150000 0.598873734
150000 0.598912088
150000 0.593902345
150000 0.595209789
150000 0.742025993
150000 0.594607863
200000 0.815891824
200000 0.873083948
200000 0.834512397
200000 0.844095194
200000 0.91771985
200000 0.811851083
200000 0.789727552
200000 0.800072009
200000 0.794391657
200000 0.962904042
250000 1.087551744
250000 1.081788918
250000 1.083025771
250000 1.086035858
250000 1.08968921
250000 1.081041908
250000 1.095122753
250000 1.09050934
250000 1.100570694
250000 1.103894444
300000 1.187505602
300000 1.417757301
300000 1.193761863
300000 1.337502513
300000 1.38902584
300000 1.220518092
300000 1.20059927
300000 1.195089381
300000 1.396437616
300000 1.188789101
350000 1.548296088
350000 1.599800371
350000 1.545954779
350000 1.619790301
350000 1.604494023
350000 1.605763499
350000 1.607481373
350000 1.521835208
350000 1.532901183
350000 1.551116161
400000 1.587722726
400000 1.818679543
400000 1.842764815
400000 1.574258893
400000 1.584137612
400000 1.590484832
400000 1.593314208
400000 1.609724272
400000 1.590994919
400000 1.598124258
450000 1.79130717
450000 1.949877943
450000 2.384556881
450000 1.967147008
450000 2.197504018
450000 1.807398328
450000 2.109696597
450000 1.843662641
450000 2.12357126
450000 2.070270876
500000 2.431784576
500000 2.296613981
500000 2.337182001
500000 2.440000501
500000 2.318967978
500000 2.242769429
500000 2.176625299
500000 2.327999955
500000 2.309832314
500000 2.194342843
550000 2.507647539
550000 2.183084505
550000 2.18239297
550000 2.184345537
550000 2.209030564
550000 2.207352483
550000 2.399738506
550000 2.176143135
550000 2.228809129
550000 2.447809576
600000 2.681505822
600000 2.664936534
600000 2.443975213
600000 2.37146634
600000 2.637748936
600000 2.388589746
600000 2.646635251
600000 2.399646055
600000 2.411825215
600000 2.64757628
650000 2.892728628
650000 2.589553621
650000 2.576627743
650000 2.830683062
650000 2.590634712
650000 2.971141906
650000 2.884261648
650000 3.131654084
650000 2.959944162
650000 3.02462829
700000 3.107587217
700000 2.836866236
700000 2.754850648
700000 3.065016397
700000 3.308685992
700000 2.759479719
700000 2.792136094
700000 3.078543031
700000 2.778097531
700000 3.285820179
750000 3.444127584
750000 2.982939464
750000 2.982142708
750000 2.972734383
750000 2.99998422
750000 2.96608119
750000 2.977078173
750000 3.026026565
750000 2.976131024
750000 3.006967135
800000 3.191981739
800000 3.180671195
800000 3.168816081
800000 3.573233969
800000 3.215209361
800000 3.877964329
800000 3.19501367
800000 3.211577904
800000 3.164899036
800000 3.886510037
850000 3.367778946
850000 4.016361396
850000 4.089706898
850000 3.384798833
850000 3.384105783
850000 3.374200767
850000 4.166665807
850000 3.395501511
850000 4.107459834
850000 3.3857046
900000 4.256724475
900000 3.601560748
900000 3.608462406
900000 3.584546489
900000 3.60561813
900000 3.601274375
900000 3.55757128
900000 3.7386362
900000 3.59539327
900000 3.578323636
950000 4.574025999
950000 4.600937851
950000 4.021785864
950000 3.840653039
950000 3.820205304
950000 3.783055216
950000 4.556418779
950000 3.826040618
950000 3.774297016
950000 3.83145248
1000000 4.498578775
1000000 5.115115863
1000000 4.08765092
1000000 4.000894603
1000000 4.035186771
1000000 4.84480041
1000000 4.80392713
1000000 4.895241315
1000000 4.003312615
1000000 4.767829136
